0 15 512 1 task_0
0 15 512 2 task_1
0 15 1024 2 task_2
0 15 1024 3 task_3
0 15 2048 4 task_4
0 25 512 1 task_5
0 25 512 2 task_6
0 25 1024 2 task_7
0 25 1024 3 task_8
0 25 2048 4 task_9
0 30 512 1 task_10
0 30 512 2 task_11
0 30 1024 2 task_12
0 30 1024 3 task_13
0 30 2048 4 task_14
1 15 512 1 task_15
1 15 512 2 task_16
1 15 1024 2 task_17
1 15 1024 3 task_18
1 15 2048 4 task_19
1 25 512 1 task_20
1 25 512 2 task_21
1 25 1024 2 task_22
1 25 1024 3 task_23
1 25 2048 4 task_24
1 30 512 1 task_25
1 30 512 2 task_26
1 30 1024 2 task_27
1 30 1024 3 task_28
1 30 2048 4 task_29
2 15 512 1 task_30
2 15 512 2 task_31
2 15 1024 2 task_32
2 15 1024 3 task_33
2 15 2048 4 task_34
2 25 512 1 task_35
2 25 512 2 task_36
2 25 1024 2 task_37
2 25 1024 3 task_38
2 25 2048 4 task_39
2 30 512 1 task_40
2 30 512 2 task_41
2 30 1024 2 task_42
2 30 1024 3 task_43
2 30 2048 4 task_44
3 15 512 1 task_45
3 15 512 2 task_46
3 15 1024 2 task_47
3 15 1024 3 task_48
3 15 2048 4 task_49
3 25 512 1 task_50
3 25 512 2 task_51
3 25 1024 2 task_52
3 25 1024 3 task_53
3 25 2048 4 task_54
3 30 512 1 task_55
3 30 512 2 task_56
3 30 1024 2 task_57
3 30 1024 3 task_58
3 30 2048 4 task_59
